{
 "cells": [
  {
   "cell_type": "code",
   "execution_count": 581,
   "id": "initial_id",
   "metadata": {
    "collapsed": true,
    "ExecuteTime": {
     "end_time": "2024-03-04T18:53:35.965523Z",
     "start_time": "2024-03-04T18:53:35.961966Z"
    }
   },
   "outputs": [],
   "source": [
    "import pandas as pd\n",
    "import numpy as np"
   ]
  },
  {
   "cell_type": "markdown",
   "source": [
    "## Data Preparation"
   ],
   "metadata": {
    "collapsed": false
   },
   "id": "92d50af6d317f4dd"
  },
  {
   "cell_type": "code",
   "outputs": [
    {
     "data": {
      "text/plain": "    ax1   ay1   az1   gx1   gy1   gz1   ax2   ay2   az2   gx2   gy2   gz2  \\\n0  2.91  6.17  3.59 -1.67 -0.46  0.92  5.53  8.00 -1.73  0.31  0.16 -0.41   \n1  2.58  8.36  2.91  0.18  0.07 -0.21  5.77  7.74 -1.23 -0.14 -0.04 -0.07   \n2  4.09  6.41  4.38 -1.30 -0.25  0.87  5.13  8.39 -1.98  0.41  0.09 -0.29   \n3  3.58  7.54  3.47  0.51  0.13 -0.46  5.27  8.04 -1.34 -0.23 -0.09  0.00   \n4  4.02  6.64  4.09 -1.16 -0.05  0.92  5.04  8.26 -1.68  0.27  0.12 -0.38   \n\n    ax3   ay3   az3   gx3   gy3   gz3  kelas  \n0 -0.22  9.47 -2.62 -0.06  0.02  0.01      1  \n1 -0.28  9.57 -2.27  0.00  0.12  0.03      1  \n2 -0.09  9.46 -2.35 -0.03  0.03  0.02      1  \n3 -0.18  9.62 -1.83  0.04  0.12 -0.02      1  \n4  0.18  9.50 -1.97 -0.02 -0.06  0.03      1  ",
      "text/html": "<div>\n<style scoped>\n    .dataframe tbody tr th:only-of-type {\n        vertical-align: middle;\n    }\n\n    .dataframe tbody tr th {\n        vertical-align: top;\n    }\n\n    .dataframe thead th {\n        text-align: right;\n    }\n</style>\n<table border=\"1\" class=\"dataframe\">\n  <thead>\n    <tr style=\"text-align: right;\">\n      <th></th>\n      <th>ax1</th>\n      <th>ay1</th>\n      <th>az1</th>\n      <th>gx1</th>\n      <th>gy1</th>\n      <th>gz1</th>\n      <th>ax2</th>\n      <th>ay2</th>\n      <th>az2</th>\n      <th>gx2</th>\n      <th>gy2</th>\n      <th>gz2</th>\n      <th>ax3</th>\n      <th>ay3</th>\n      <th>az3</th>\n      <th>gx3</th>\n      <th>gy3</th>\n      <th>gz3</th>\n      <th>kelas</th>\n    </tr>\n  </thead>\n  <tbody>\n    <tr>\n      <th>0</th>\n      <td>2.91</td>\n      <td>6.17</td>\n      <td>3.59</td>\n      <td>-1.67</td>\n      <td>-0.46</td>\n      <td>0.92</td>\n      <td>5.53</td>\n      <td>8.00</td>\n      <td>-1.73</td>\n      <td>0.31</td>\n      <td>0.16</td>\n      <td>-0.41</td>\n      <td>-0.22</td>\n      <td>9.47</td>\n      <td>-2.62</td>\n      <td>-0.06</td>\n      <td>0.02</td>\n      <td>0.01</td>\n      <td>1</td>\n    </tr>\n    <tr>\n      <th>1</th>\n      <td>2.58</td>\n      <td>8.36</td>\n      <td>2.91</td>\n      <td>0.18</td>\n      <td>0.07</td>\n      <td>-0.21</td>\n      <td>5.77</td>\n      <td>7.74</td>\n      <td>-1.23</td>\n      <td>-0.14</td>\n      <td>-0.04</td>\n      <td>-0.07</td>\n      <td>-0.28</td>\n      <td>9.57</td>\n      <td>-2.27</td>\n      <td>0.00</td>\n      <td>0.12</td>\n      <td>0.03</td>\n      <td>1</td>\n    </tr>\n    <tr>\n      <th>2</th>\n      <td>4.09</td>\n      <td>6.41</td>\n      <td>4.38</td>\n      <td>-1.30</td>\n      <td>-0.25</td>\n      <td>0.87</td>\n      <td>5.13</td>\n      <td>8.39</td>\n      <td>-1.98</td>\n      <td>0.41</td>\n      <td>0.09</td>\n      <td>-0.29</td>\n      <td>-0.09</td>\n      <td>9.46</td>\n      <td>-2.35</td>\n      <td>-0.03</td>\n      <td>0.03</td>\n      <td>0.02</td>\n      <td>1</td>\n    </tr>\n    <tr>\n      <th>3</th>\n      <td>3.58</td>\n      <td>7.54</td>\n      <td>3.47</td>\n      <td>0.51</td>\n      <td>0.13</td>\n      <td>-0.46</td>\n      <td>5.27</td>\n      <td>8.04</td>\n      <td>-1.34</td>\n      <td>-0.23</td>\n      <td>-0.09</td>\n      <td>0.00</td>\n      <td>-0.18</td>\n      <td>9.62</td>\n      <td>-1.83</td>\n      <td>0.04</td>\n      <td>0.12</td>\n      <td>-0.02</td>\n      <td>1</td>\n    </tr>\n    <tr>\n      <th>4</th>\n      <td>4.02</td>\n      <td>6.64</td>\n      <td>4.09</td>\n      <td>-1.16</td>\n      <td>-0.05</td>\n      <td>0.92</td>\n      <td>5.04</td>\n      <td>8.26</td>\n      <td>-1.68</td>\n      <td>0.27</td>\n      <td>0.12</td>\n      <td>-0.38</td>\n      <td>0.18</td>\n      <td>9.50</td>\n      <td>-1.97</td>\n      <td>-0.02</td>\n      <td>-0.06</td>\n      <td>0.03</td>\n      <td>1</td>\n    </tr>\n  </tbody>\n</table>\n</div>"
     },
     "execution_count": 582,
     "metadata": {},
     "output_type": "execute_result"
    }
   ],
   "source": [
    "data_gerakan_benar = pd.read_csv('../data/gerakan-benar.csv')\n",
    "data_gerakan_benar[\"kelas\"] = 1\n",
    "data_gerakan_benar.head()"
   ],
   "metadata": {
    "collapsed": false,
    "ExecuteTime": {
     "end_time": "2024-03-04T18:53:36.078664Z",
     "start_time": "2024-03-04T18:53:36.062071Z"
    }
   },
   "id": "b45f2ef519c31089",
   "execution_count": 582
  },
  {
   "cell_type": "code",
   "outputs": [
    {
     "data": {
      "text/plain": "    ax1    ay1   az1   gx1   gy1   gz1   ax2   ay2   az2   gx2   gy2   gz2  \\\n0  3.30  -6.13  5.30 -0.14 -0.10  0.07 -0.65  5.40  1.94  0.01  0.16  0.00   \n1  5.87  -2.27  6.23 -2.15  0.25  1.27  0.07  7.81  4.61  0.66  0.90 -0.36   \n2  3.25   0.26  4.64  0.41 -0.50 -0.15  0.22  7.40  5.04 -0.30 -0.11 -0.08   \n3  4.26  -5.44  6.57  2.04 -0.11 -0.96 -1.51  7.90  5.08 -0.18 -0.31  0.40   \n4  3.66 -10.31  4.25  0.03 -0.27 -0.14 -1.82  7.20  4.15  0.12 -0.06  0.46   \n\n    ax3   ay3   az3   gx3   gy3   gz3  kelas  \n0 -0.02  9.65 -1.23  0.03  0.08  0.03      0  \n1 -0.73  9.64 -1.35  0.12  0.16  0.09      0  \n2  0.23  9.55 -1.55  0.14 -0.05  0.03      0  \n3  0.03  9.57 -2.13 -0.14 -0.14  0.08      0  \n4  0.46  9.48 -2.38  0.09  0.09 -0.08      0  ",
      "text/html": "<div>\n<style scoped>\n    .dataframe tbody tr th:only-of-type {\n        vertical-align: middle;\n    }\n\n    .dataframe tbody tr th {\n        vertical-align: top;\n    }\n\n    .dataframe thead th {\n        text-align: right;\n    }\n</style>\n<table border=\"1\" class=\"dataframe\">\n  <thead>\n    <tr style=\"text-align: right;\">\n      <th></th>\n      <th>ax1</th>\n      <th>ay1</th>\n      <th>az1</th>\n      <th>gx1</th>\n      <th>gy1</th>\n      <th>gz1</th>\n      <th>ax2</th>\n      <th>ay2</th>\n      <th>az2</th>\n      <th>gx2</th>\n      <th>gy2</th>\n      <th>gz2</th>\n      <th>ax3</th>\n      <th>ay3</th>\n      <th>az3</th>\n      <th>gx3</th>\n      <th>gy3</th>\n      <th>gz3</th>\n      <th>kelas</th>\n    </tr>\n  </thead>\n  <tbody>\n    <tr>\n      <th>0</th>\n      <td>3.30</td>\n      <td>-6.13</td>\n      <td>5.30</td>\n      <td>-0.14</td>\n      <td>-0.10</td>\n      <td>0.07</td>\n      <td>-0.65</td>\n      <td>5.40</td>\n      <td>1.94</td>\n      <td>0.01</td>\n      <td>0.16</td>\n      <td>0.00</td>\n      <td>-0.02</td>\n      <td>9.65</td>\n      <td>-1.23</td>\n      <td>0.03</td>\n      <td>0.08</td>\n      <td>0.03</td>\n      <td>0</td>\n    </tr>\n    <tr>\n      <th>1</th>\n      <td>5.87</td>\n      <td>-2.27</td>\n      <td>6.23</td>\n      <td>-2.15</td>\n      <td>0.25</td>\n      <td>1.27</td>\n      <td>0.07</td>\n      <td>7.81</td>\n      <td>4.61</td>\n      <td>0.66</td>\n      <td>0.90</td>\n      <td>-0.36</td>\n      <td>-0.73</td>\n      <td>9.64</td>\n      <td>-1.35</td>\n      <td>0.12</td>\n      <td>0.16</td>\n      <td>0.09</td>\n      <td>0</td>\n    </tr>\n    <tr>\n      <th>2</th>\n      <td>3.25</td>\n      <td>0.26</td>\n      <td>4.64</td>\n      <td>0.41</td>\n      <td>-0.50</td>\n      <td>-0.15</td>\n      <td>0.22</td>\n      <td>7.40</td>\n      <td>5.04</td>\n      <td>-0.30</td>\n      <td>-0.11</td>\n      <td>-0.08</td>\n      <td>0.23</td>\n      <td>9.55</td>\n      <td>-1.55</td>\n      <td>0.14</td>\n      <td>-0.05</td>\n      <td>0.03</td>\n      <td>0</td>\n    </tr>\n    <tr>\n      <th>3</th>\n      <td>4.26</td>\n      <td>-5.44</td>\n      <td>6.57</td>\n      <td>2.04</td>\n      <td>-0.11</td>\n      <td>-0.96</td>\n      <td>-1.51</td>\n      <td>7.90</td>\n      <td>5.08</td>\n      <td>-0.18</td>\n      <td>-0.31</td>\n      <td>0.40</td>\n      <td>0.03</td>\n      <td>9.57</td>\n      <td>-2.13</td>\n      <td>-0.14</td>\n      <td>-0.14</td>\n      <td>0.08</td>\n      <td>0</td>\n    </tr>\n    <tr>\n      <th>4</th>\n      <td>3.66</td>\n      <td>-10.31</td>\n      <td>4.25</td>\n      <td>0.03</td>\n      <td>-0.27</td>\n      <td>-0.14</td>\n      <td>-1.82</td>\n      <td>7.20</td>\n      <td>4.15</td>\n      <td>0.12</td>\n      <td>-0.06</td>\n      <td>0.46</td>\n      <td>0.46</td>\n      <td>9.48</td>\n      <td>-2.38</td>\n      <td>0.09</td>\n      <td>0.09</td>\n      <td>-0.08</td>\n      <td>0</td>\n    </tr>\n  </tbody>\n</table>\n</div>"
     },
     "execution_count": 583,
     "metadata": {},
     "output_type": "execute_result"
    }
   ],
   "source": [
    "data_gerakan_salah = pd.read_csv('../data/gerakan-salah.csv')\n",
    "data_gerakan_salah[\"kelas\"] = 0\n",
    "data_gerakan_salah.head()"
   ],
   "metadata": {
    "collapsed": false,
    "ExecuteTime": {
     "end_time": "2024-03-04T18:53:36.089206Z",
     "start_time": "2024-03-04T18:53:36.079802Z"
    }
   },
   "id": "b1ff908911af8478",
   "execution_count": 583
  },
  {
   "cell_type": "code",
   "outputs": [
    {
     "name": "stdout",
     "output_type": "stream",
     "text": [
      "<class 'pandas.core.frame.DataFrame'>\n",
      "RangeIndex: 173 entries, 0 to 172\n",
      "Data columns (total 19 columns):\n",
      " #   Column  Non-Null Count  Dtype  \n",
      "---  ------  --------------  -----  \n",
      " 0   ax1     173 non-null    float64\n",
      " 1   ay1     173 non-null    float64\n",
      " 2   az1     173 non-null    float64\n",
      " 3   gx1     173 non-null    float64\n",
      " 4   gy1     173 non-null    float64\n",
      " 5   gz1     173 non-null    float64\n",
      " 6   ax2     173 non-null    float64\n",
      " 7   ay2     173 non-null    float64\n",
      " 8   az2     173 non-null    float64\n",
      " 9   gx2     173 non-null    float64\n",
      " 10  gy2     173 non-null    float64\n",
      " 11  gz2     173 non-null    float64\n",
      " 12  ax3     173 non-null    float64\n",
      " 13  ay3     173 non-null    float64\n",
      " 14  az3     173 non-null    float64\n",
      " 15  gx3     173 non-null    float64\n",
      " 16  gy3     173 non-null    float64\n",
      " 17  gz3     173 non-null    float64\n",
      " 18  kelas   173 non-null    int64  \n",
      "dtypes: float64(18), int64(1)\n",
      "memory usage: 25.8 KB\n"
     ]
    }
   ],
   "source": [
    "data = pd.concat([data_gerakan_benar, data_gerakan_salah], ignore_index=True)\n",
    "data.info()"
   ],
   "metadata": {
    "collapsed": false,
    "ExecuteTime": {
     "end_time": "2024-03-04T18:53:36.103703Z",
     "start_time": "2024-03-04T18:53:36.089867Z"
    }
   },
   "id": "d8e84fece100e8ca",
   "execution_count": 584
  },
  {
   "cell_type": "code",
   "outputs": [
    {
     "name": "stdout",
     "output_type": "stream",
     "text": [
      "Number of samples: 173\n",
      "Number of features: 18\n"
     ]
    }
   ],
   "source": [
    "X = data.iloc[:, :-1]\n",
    "y = data.iloc[:, -1]\n",
    "\n",
    "n_samples, n_features = X.shape\n",
    "\n",
    "print('Number of samples:', n_samples)\n",
    "print('Number of features:', n_features)"
   ],
   "metadata": {
    "collapsed": false,
    "ExecuteTime": {
     "end_time": "2024-03-04T18:53:36.108462Z",
     "start_time": "2024-03-04T18:53:36.104649Z"
    }
   },
   "id": "fa8107927b5c7ef4",
   "execution_count": 585
  },
  {
   "cell_type": "code",
   "outputs": [],
   "source": [],
   "metadata": {
    "collapsed": false,
    "ExecuteTime": {
     "end_time": "2024-03-04T18:53:36.116212Z",
     "start_time": "2024-03-04T18:53:36.114737Z"
    }
   },
   "id": "d03e03e632bacd79",
   "execution_count": 585
  },
  {
   "cell_type": "markdown",
   "source": [
    "## PCA dengan metode Kovarian"
   ],
   "metadata": {
    "collapsed": false
   },
   "id": "c307cb60127f128a"
  },
  {
   "cell_type": "markdown",
   "source": [
    "### Mencari Matriks Kovarian"
   ],
   "metadata": {
    "collapsed": false
   },
   "id": "ff533b064b8d4060"
  },
  {
   "cell_type": "code",
   "outputs": [
    {
     "data": {
      "text/plain": "           ax1        ay1        az1       gx1       gy1       gz1        ax2  \\\nax1  25.576876   2.098412  13.843567 -0.588093 -0.045078 -0.109290  20.025891   \nay1   2.098412  42.960143  -0.726088 -1.452399 -0.343762  0.994162  24.492540   \naz1  13.843567  -0.726088  16.465499 -0.401995 -0.024488 -0.120342   6.591940   \ngx1  -0.588093  -1.452399  -0.401995  2.917876 -0.187860 -1.374315  -0.818265   \ngy1  -0.045078  -0.343762  -0.024488 -0.187860  0.109457  0.076567  -0.303879   \ngz1  -0.109290   0.994162  -0.120342 -1.374315  0.076567  0.791687   0.168549   \nax2  20.025891  24.492540   6.591940 -0.818265 -0.303879  0.168549  35.044909   \nay2  32.964460   6.402067  22.911599 -1.444285 -0.210730 -0.030970  24.318598   \naz2  -1.435156  -2.530858  -0.787551 -0.097541  0.019516  0.150191  -2.292980   \ngx2  -0.016737  -0.075990   0.153271 -0.292085  0.028522  0.144225  -0.149910   \ngy2   0.070858  -0.408084   0.173247  0.262821 -0.022376 -0.114165  -0.143939   \ngz2  -0.162473  -0.904830  -0.023351  0.856553 -0.066773 -0.435512  -0.349773   \nax3   1.013061  -2.617738   1.030935  0.071751 -0.005177 -0.104677  -1.169010   \nay3  40.379953  19.649012  22.085124 -2.047226 -0.494495  0.287215  46.132662   \naz3  -1.285278   1.644831  -2.533433 -0.124679  0.075538  0.172163   0.425565   \ngx3  -0.099338   0.117217  -0.091128 -0.276101  0.041523  0.135495  -0.086791   \ngy3   0.208162   0.068008   0.117100  0.029940  0.003257 -0.023929   0.235285   \ngz3   0.010185   0.035731   0.009715 -0.179970  0.023094  0.092337  -0.026750   \n\n           ay2       az2       gx2       gy2       gz2       ax3        ay3  \\\nax1  32.964460 -1.435156 -0.016737  0.070858 -0.162473  1.013061  40.379953   \nay1   6.402067 -2.530858 -0.075990 -0.408084 -0.904830 -2.617738  19.649012   \naz1  22.911599 -0.787551  0.153271  0.173247 -0.023351  1.030935  22.085124   \ngx1  -1.444285 -0.097541 -0.292085  0.262821  0.856553  0.071751  -2.047226   \ngy1  -0.210730  0.019516  0.028522 -0.022376 -0.066773 -0.005177  -0.494495   \ngz1  -0.030970  0.150191  0.144225 -0.114165 -0.435512 -0.104677   0.287215   \nax2  24.318598 -2.292980 -0.149910 -0.143939 -0.349773 -1.169010  46.132662   \nay2  57.021091 -4.377046 -0.044489 -0.005020 -0.404347  3.286025  60.038023   \naz2  -4.377046  4.496526  0.054479  0.007122 -0.012923 -1.082998  -2.405946   \ngx2  -0.044489  0.054479  0.096259  0.021344 -0.078806 -0.037116  -0.160016   \ngy2  -0.005020  0.007122  0.021344  0.128730  0.082903  0.025481  -0.034104   \ngz2  -0.404347 -0.012923 -0.078806  0.082903  0.352760  0.077544  -0.628588   \nax3   3.286025 -1.082998 -0.037116  0.025481  0.077544  1.274523   1.419482   \nay3  60.038023 -2.405946 -0.160016 -0.034104 -0.628588  1.419482  89.432288   \naz3  -5.821750  0.154792  0.096745  0.010945 -0.154855 -1.188656  -6.802645   \ngx3  -0.160523 -0.006484  0.038444 -0.000886 -0.146391 -0.013223  -0.055979   \ngy3   0.377422  0.030767 -0.005062  0.000219  0.014426  0.000651   0.436591   \ngz3   0.018810  0.000837  0.027101 -0.011427 -0.078675 -0.002614   0.048484   \n\n          az3       gx3       gy3       gz3  \nax1 -1.285278 -0.099338  0.208162  0.010185  \nay1  1.644831  0.117217  0.068008  0.035731  \naz1 -2.533433 -0.091128  0.117100  0.009715  \ngx1 -0.124679 -0.276101  0.029940 -0.179970  \ngy1  0.075538  0.041523  0.003257  0.023094  \ngz1  0.172163  0.135495 -0.023929  0.092337  \nax2  0.425565 -0.086791  0.235285 -0.026750  \nay2 -5.821750 -0.160523  0.377422  0.018810  \naz2  0.154792 -0.006484  0.030767  0.000837  \ngx2  0.096745  0.038444 -0.005062  0.027101  \ngy2  0.010945 -0.000886  0.000219 -0.011427  \ngz2 -0.154855 -0.146391  0.014426 -0.078675  \nax3 -1.188656 -0.013223  0.000651 -0.002614  \nay3 -6.802645 -0.055979  0.436591  0.048484  \naz3  5.986862  0.010406 -0.141455 -0.005652  \ngx3  0.010406  0.131412 -0.011553  0.049192  \ngy3 -0.141455 -0.011553  0.028606 -0.006262  \ngz3 -0.005652  0.049192 -0.006262  0.029276  ",
      "text/html": "<div>\n<style scoped>\n    .dataframe tbody tr th:only-of-type {\n        vertical-align: middle;\n    }\n\n    .dataframe tbody tr th {\n        vertical-align: top;\n    }\n\n    .dataframe thead th {\n        text-align: right;\n    }\n</style>\n<table border=\"1\" class=\"dataframe\">\n  <thead>\n    <tr style=\"text-align: right;\">\n      <th></th>\n      <th>ax1</th>\n      <th>ay1</th>\n      <th>az1</th>\n      <th>gx1</th>\n      <th>gy1</th>\n      <th>gz1</th>\n      <th>ax2</th>\n      <th>ay2</th>\n      <th>az2</th>\n      <th>gx2</th>\n      <th>gy2</th>\n      <th>gz2</th>\n      <th>ax3</th>\n      <th>ay3</th>\n      <th>az3</th>\n      <th>gx3</th>\n      <th>gy3</th>\n      <th>gz3</th>\n    </tr>\n  </thead>\n  <tbody>\n    <tr>\n      <th>ax1</th>\n      <td>25.576876</td>\n      <td>2.098412</td>\n      <td>13.843567</td>\n      <td>-0.588093</td>\n      <td>-0.045078</td>\n      <td>-0.109290</td>\n      <td>20.025891</td>\n      <td>32.964460</td>\n      <td>-1.435156</td>\n      <td>-0.016737</td>\n      <td>0.070858</td>\n      <td>-0.162473</td>\n      <td>1.013061</td>\n      <td>40.379953</td>\n      <td>-1.285278</td>\n      <td>-0.099338</td>\n      <td>0.208162</td>\n      <td>0.010185</td>\n    </tr>\n    <tr>\n      <th>ay1</th>\n      <td>2.098412</td>\n      <td>42.960143</td>\n      <td>-0.726088</td>\n      <td>-1.452399</td>\n      <td>-0.343762</td>\n      <td>0.994162</td>\n      <td>24.492540</td>\n      <td>6.402067</td>\n      <td>-2.530858</td>\n      <td>-0.075990</td>\n      <td>-0.408084</td>\n      <td>-0.904830</td>\n      <td>-2.617738</td>\n      <td>19.649012</td>\n      <td>1.644831</td>\n      <td>0.117217</td>\n      <td>0.068008</td>\n      <td>0.035731</td>\n    </tr>\n    <tr>\n      <th>az1</th>\n      <td>13.843567</td>\n      <td>-0.726088</td>\n      <td>16.465499</td>\n      <td>-0.401995</td>\n      <td>-0.024488</td>\n      <td>-0.120342</td>\n      <td>6.591940</td>\n      <td>22.911599</td>\n      <td>-0.787551</td>\n      <td>0.153271</td>\n      <td>0.173247</td>\n      <td>-0.023351</td>\n      <td>1.030935</td>\n      <td>22.085124</td>\n      <td>-2.533433</td>\n      <td>-0.091128</td>\n      <td>0.117100</td>\n      <td>0.009715</td>\n    </tr>\n    <tr>\n      <th>gx1</th>\n      <td>-0.588093</td>\n      <td>-1.452399</td>\n      <td>-0.401995</td>\n      <td>2.917876</td>\n      <td>-0.187860</td>\n      <td>-1.374315</td>\n      <td>-0.818265</td>\n      <td>-1.444285</td>\n      <td>-0.097541</td>\n      <td>-0.292085</td>\n      <td>0.262821</td>\n      <td>0.856553</td>\n      <td>0.071751</td>\n      <td>-2.047226</td>\n      <td>-0.124679</td>\n      <td>-0.276101</td>\n      <td>0.029940</td>\n      <td>-0.179970</td>\n    </tr>\n    <tr>\n      <th>gy1</th>\n      <td>-0.045078</td>\n      <td>-0.343762</td>\n      <td>-0.024488</td>\n      <td>-0.187860</td>\n      <td>0.109457</td>\n      <td>0.076567</td>\n      <td>-0.303879</td>\n      <td>-0.210730</td>\n      <td>0.019516</td>\n      <td>0.028522</td>\n      <td>-0.022376</td>\n      <td>-0.066773</td>\n      <td>-0.005177</td>\n      <td>-0.494495</td>\n      <td>0.075538</td>\n      <td>0.041523</td>\n      <td>0.003257</td>\n      <td>0.023094</td>\n    </tr>\n    <tr>\n      <th>gz1</th>\n      <td>-0.109290</td>\n      <td>0.994162</td>\n      <td>-0.120342</td>\n      <td>-1.374315</td>\n      <td>0.076567</td>\n      <td>0.791687</td>\n      <td>0.168549</td>\n      <td>-0.030970</td>\n      <td>0.150191</td>\n      <td>0.144225</td>\n      <td>-0.114165</td>\n      <td>-0.435512</td>\n      <td>-0.104677</td>\n      <td>0.287215</td>\n      <td>0.172163</td>\n      <td>0.135495</td>\n      <td>-0.023929</td>\n      <td>0.092337</td>\n    </tr>\n    <tr>\n      <th>ax2</th>\n      <td>20.025891</td>\n      <td>24.492540</td>\n      <td>6.591940</td>\n      <td>-0.818265</td>\n      <td>-0.303879</td>\n      <td>0.168549</td>\n      <td>35.044909</td>\n      <td>24.318598</td>\n      <td>-2.292980</td>\n      <td>-0.149910</td>\n      <td>-0.143939</td>\n      <td>-0.349773</td>\n      <td>-1.169010</td>\n      <td>46.132662</td>\n      <td>0.425565</td>\n      <td>-0.086791</td>\n      <td>0.235285</td>\n      <td>-0.026750</td>\n    </tr>\n    <tr>\n      <th>ay2</th>\n      <td>32.964460</td>\n      <td>6.402067</td>\n      <td>22.911599</td>\n      <td>-1.444285</td>\n      <td>-0.210730</td>\n      <td>-0.030970</td>\n      <td>24.318598</td>\n      <td>57.021091</td>\n      <td>-4.377046</td>\n      <td>-0.044489</td>\n      <td>-0.005020</td>\n      <td>-0.404347</td>\n      <td>3.286025</td>\n      <td>60.038023</td>\n      <td>-5.821750</td>\n      <td>-0.160523</td>\n      <td>0.377422</td>\n      <td>0.018810</td>\n    </tr>\n    <tr>\n      <th>az2</th>\n      <td>-1.435156</td>\n      <td>-2.530858</td>\n      <td>-0.787551</td>\n      <td>-0.097541</td>\n      <td>0.019516</td>\n      <td>0.150191</td>\n      <td>-2.292980</td>\n      <td>-4.377046</td>\n      <td>4.496526</td>\n      <td>0.054479</td>\n      <td>0.007122</td>\n      <td>-0.012923</td>\n      <td>-1.082998</td>\n      <td>-2.405946</td>\n      <td>0.154792</td>\n      <td>-0.006484</td>\n      <td>0.030767</td>\n      <td>0.000837</td>\n    </tr>\n    <tr>\n      <th>gx2</th>\n      <td>-0.016737</td>\n      <td>-0.075990</td>\n      <td>0.153271</td>\n      <td>-0.292085</td>\n      <td>0.028522</td>\n      <td>0.144225</td>\n      <td>-0.149910</td>\n      <td>-0.044489</td>\n      <td>0.054479</td>\n      <td>0.096259</td>\n      <td>0.021344</td>\n      <td>-0.078806</td>\n      <td>-0.037116</td>\n      <td>-0.160016</td>\n      <td>0.096745</td>\n      <td>0.038444</td>\n      <td>-0.005062</td>\n      <td>0.027101</td>\n    </tr>\n    <tr>\n      <th>gy2</th>\n      <td>0.070858</td>\n      <td>-0.408084</td>\n      <td>0.173247</td>\n      <td>0.262821</td>\n      <td>-0.022376</td>\n      <td>-0.114165</td>\n      <td>-0.143939</td>\n      <td>-0.005020</td>\n      <td>0.007122</td>\n      <td>0.021344</td>\n      <td>0.128730</td>\n      <td>0.082903</td>\n      <td>0.025481</td>\n      <td>-0.034104</td>\n      <td>0.010945</td>\n      <td>-0.000886</td>\n      <td>0.000219</td>\n      <td>-0.011427</td>\n    </tr>\n    <tr>\n      <th>gz2</th>\n      <td>-0.162473</td>\n      <td>-0.904830</td>\n      <td>-0.023351</td>\n      <td>0.856553</td>\n      <td>-0.066773</td>\n      <td>-0.435512</td>\n      <td>-0.349773</td>\n      <td>-0.404347</td>\n      <td>-0.012923</td>\n      <td>-0.078806</td>\n      <td>0.082903</td>\n      <td>0.352760</td>\n      <td>0.077544</td>\n      <td>-0.628588</td>\n      <td>-0.154855</td>\n      <td>-0.146391</td>\n      <td>0.014426</td>\n      <td>-0.078675</td>\n    </tr>\n    <tr>\n      <th>ax3</th>\n      <td>1.013061</td>\n      <td>-2.617738</td>\n      <td>1.030935</td>\n      <td>0.071751</td>\n      <td>-0.005177</td>\n      <td>-0.104677</td>\n      <td>-1.169010</td>\n      <td>3.286025</td>\n      <td>-1.082998</td>\n      <td>-0.037116</td>\n      <td>0.025481</td>\n      <td>0.077544</td>\n      <td>1.274523</td>\n      <td>1.419482</td>\n      <td>-1.188656</td>\n      <td>-0.013223</td>\n      <td>0.000651</td>\n      <td>-0.002614</td>\n    </tr>\n    <tr>\n      <th>ay3</th>\n      <td>40.379953</td>\n      <td>19.649012</td>\n      <td>22.085124</td>\n      <td>-2.047226</td>\n      <td>-0.494495</td>\n      <td>0.287215</td>\n      <td>46.132662</td>\n      <td>60.038023</td>\n      <td>-2.405946</td>\n      <td>-0.160016</td>\n      <td>-0.034104</td>\n      <td>-0.628588</td>\n      <td>1.419482</td>\n      <td>89.432288</td>\n      <td>-6.802645</td>\n      <td>-0.055979</td>\n      <td>0.436591</td>\n      <td>0.048484</td>\n    </tr>\n    <tr>\n      <th>az3</th>\n      <td>-1.285278</td>\n      <td>1.644831</td>\n      <td>-2.533433</td>\n      <td>-0.124679</td>\n      <td>0.075538</td>\n      <td>0.172163</td>\n      <td>0.425565</td>\n      <td>-5.821750</td>\n      <td>0.154792</td>\n      <td>0.096745</td>\n      <td>0.010945</td>\n      <td>-0.154855</td>\n      <td>-1.188656</td>\n      <td>-6.802645</td>\n      <td>5.986862</td>\n      <td>0.010406</td>\n      <td>-0.141455</td>\n      <td>-0.005652</td>\n    </tr>\n    <tr>\n      <th>gx3</th>\n      <td>-0.099338</td>\n      <td>0.117217</td>\n      <td>-0.091128</td>\n      <td>-0.276101</td>\n      <td>0.041523</td>\n      <td>0.135495</td>\n      <td>-0.086791</td>\n      <td>-0.160523</td>\n      <td>-0.006484</td>\n      <td>0.038444</td>\n      <td>-0.000886</td>\n      <td>-0.146391</td>\n      <td>-0.013223</td>\n      <td>-0.055979</td>\n      <td>0.010406</td>\n      <td>0.131412</td>\n      <td>-0.011553</td>\n      <td>0.049192</td>\n    </tr>\n    <tr>\n      <th>gy3</th>\n      <td>0.208162</td>\n      <td>0.068008</td>\n      <td>0.117100</td>\n      <td>0.029940</td>\n      <td>0.003257</td>\n      <td>-0.023929</td>\n      <td>0.235285</td>\n      <td>0.377422</td>\n      <td>0.030767</td>\n      <td>-0.005062</td>\n      <td>0.000219</td>\n      <td>0.014426</td>\n      <td>0.000651</td>\n      <td>0.436591</td>\n      <td>-0.141455</td>\n      <td>-0.011553</td>\n      <td>0.028606</td>\n      <td>-0.006262</td>\n    </tr>\n    <tr>\n      <th>gz3</th>\n      <td>0.010185</td>\n      <td>0.035731</td>\n      <td>0.009715</td>\n      <td>-0.179970</td>\n      <td>0.023094</td>\n      <td>0.092337</td>\n      <td>-0.026750</td>\n      <td>0.018810</td>\n      <td>0.000837</td>\n      <td>0.027101</td>\n      <td>-0.011427</td>\n      <td>-0.078675</td>\n      <td>-0.002614</td>\n      <td>0.048484</td>\n      <td>-0.005652</td>\n      <td>0.049192</td>\n      <td>-0.006262</td>\n      <td>0.029276</td>\n    </tr>\n  </tbody>\n</table>\n</div>"
     },
     "execution_count": 586,
     "metadata": {},
     "output_type": "execute_result"
    }
   ],
   "source": [
    "def covariance(x):\n",
    "    return (x.T @ x)/(x.shape[0] - 1)\n",
    "\n",
    "cov_mat = covariance(X)\n",
    "cov_mat"
   ],
   "metadata": {
    "collapsed": false,
    "ExecuteTime": {
     "end_time": "2024-03-04T18:53:36.142793Z",
     "start_time": "2024-03-04T18:53:36.132011Z"
    }
   },
   "id": "f3ab1784bc2c8881",
   "execution_count": 586
  },
  {
   "cell_type": "markdown",
   "source": [
    "### Mencari Eigenvector dan Eigenvalue dari Matriks Kovarian"
   ],
   "metadata": {
    "collapsed": false
   },
   "id": "c5ebf066c95a54cf"
  },
  {
   "cell_type": "code",
   "outputs": [],
   "source": [
    "from numpy.linalg import eig\n",
    "\n",
    "eig_vals, eig_vecs = eig(cov_mat)"
   ],
   "metadata": {
    "collapsed": false,
    "ExecuteTime": {
     "end_time": "2024-03-04T18:53:36.184166Z",
     "start_time": "2024-03-04T18:53:36.176878Z"
    }
   },
   "id": "ac4931888f5aec58",
   "execution_count": 587
  },
  {
   "cell_type": "code",
   "outputs": [
    {
     "data": {
      "text/plain": "array([1.89813934e+02, 5.21004129e+01, 1.47492439e+01, 8.45301666e+00,\n       6.28476539e+00, 4.30052824e+00, 3.09893242e+00, 2.08618179e+00,\n       9.67043402e-01, 4.40653672e-01, 1.67461267e-01, 1.33145544e-01,\n       1.02869108e-01, 7.10920238e-02, 4.91591473e-03, 1.61333980e-02,\n       2.37216762e-02, 3.07273334e-02])"
     },
     "execution_count": 588,
     "metadata": {},
     "output_type": "execute_result"
    }
   ],
   "source": [
    "eig_vals"
   ],
   "metadata": {
    "collapsed": false,
    "ExecuteTime": {
     "end_time": "2024-03-04T18:53:36.219558Z",
     "start_time": "2024-03-04T18:53:36.216241Z"
    }
   },
   "id": "12b0aff2125c12e5",
   "execution_count": 588
  },
  {
   "cell_type": "code",
   "outputs": [
    {
     "data": {
      "text/plain": "array([[ 3.26961860e-01,  1.90406023e-01,  1.28023757e-01,\n        -5.00433087e-01,  3.35632352e-02, -3.24227531e-02,\n         1.79690138e-01, -5.92060617e-01,  4.47537306e-01,\n         2.65719016e-02,  4.69037594e-02,  7.19974357e-04,\n        -3.41188103e-02,  2.12007057e-02,  2.41284820e-04,\n        -1.23835752e-02,  7.22962722e-03, -8.10422836e-04],\n       [ 1.74636107e-01, -8.02327686e-01, -4.83444459e-01,\n         3.11231503e-02, -7.38314921e-02, -3.72691715e-02,\n         1.57248602e-01, -7.23284806e-02,  2.23111278e-01,\n         5.18157244e-02,  1.93318227e-02,  6.25797748e-03,\n        -3.56609401e-02, -6.06160399e-03,  3.58068971e-03,\n        -9.17951788e-03, -1.88849084e-03,  1.10277200e-03],\n       [ 1.90782261e-01,  2.39141171e-01, -4.10658755e-01,\n        -2.11547061e-01, -6.84309512e-01,  2.84660236e-01,\n        -3.62251819e-01,  6.16870507e-02, -6.27327631e-02,\n         5.72997726e-02, -2.77622639e-03,  2.44935299e-02,\n         2.71719010e-02,  5.57479380e-03,  5.56520547e-04,\n        -4.88022778e-03,  3.88202844e-03,  6.58295326e-03],\n       [-1.55197984e-02,  1.72097508e-02,  4.01597943e-02,\n        -3.45053896e-02,  5.57811210e-02,  6.94179744e-01,\n         4.45115745e-01,  1.88600771e-01,  1.29293134e-01,\n        -1.05110024e-02, -1.88240676e-01, -1.02882042e-01,\n         3.95193697e-01, -1.85738513e-01, -4.21282249e-02,\n         9.02251712e-04,  4.83972407e-02, -1.42558730e-01],\n       [-3.29294706e-03,  5.63107291e-03, -1.36456070e-03,\n        -1.68156083e-02, -2.26572817e-03, -4.74189497e-02,\n        -3.57024948e-02, -4.64273583e-02, -1.35915828e-02,\n        -2.07336747e-02, -2.81753758e-01,  3.22610657e-01,\n        -2.50674393e-01, -8.41082205e-01, -4.09359283e-02,\n         1.36058600e-01, -9.21377814e-03,  1.39219310e-01],\n       [ 1.91668872e-03, -1.89422675e-02, -1.98094209e-02,\n         1.47538462e-02, -3.97099443e-02, -3.49525862e-01,\n        -1.98010276e-01, -1.03899842e-01,  6.50695270e-03,\n         4.31141687e-02,  8.53899859e-02, -4.57514866e-01,\n         6.58978843e-01, -3.75509035e-01, -2.67729625e-02,\n        -6.88425987e-02, -1.61351438e-01,  3.99577304e-03],\n       [ 3.56370130e-01, -3.76806843e-01,  3.82918170e-01,\n        -2.65405116e-01,  6.62333536e-02,  2.18875036e-01,\n        -1.99683515e-01, -1.59088555e-01, -6.18582621e-01,\n         6.74566968e-02, -6.85025954e-02, -1.94071793e-02,\n         5.14212206e-02,  1.99498188e-02, -5.53719566e-03,\n         3.35127464e-02, -3.66535271e-03,  1.21405922e-03],\n       [ 4.94829497e-01,  3.22488490e-01, -5.02893744e-01,\n        -9.73009896e-03,  3.71535208e-01, -1.69075335e-01,\n         2.83902471e-01,  1.12983549e-01, -3.59467410e-01,\n        -7.45426411e-02, -3.71386062e-02, -2.54516918e-02,\n         2.08287319e-02, -4.06787489e-04, -1.33095099e-03,\n         2.08392497e-02, -2.19776691e-02,  1.95476321e-03],\n       [-3.06423195e-02,  1.89908637e-02,  1.84386956e-01,\n         7.05165734e-02, -5.60083396e-01, -3.09552794e-01,\n         6.39330084e-01, -5.16716544e-02, -2.75206862e-01,\n         2.45697123e-01, -4.43545353e-02,  9.68882240e-03,\n        -2.49694733e-03,  1.38326242e-02, -8.09130145e-04,\n         1.89686113e-02, -8.47329324e-03, -1.75313786e-03],\n       [-9.15309763e-04,  2.23321825e-03, -7.95176503e-03,\n        -1.23802144e-02, -2.61632051e-02, -6.83099122e-02,\n        -5.60422552e-02, -1.20724105e-02, -1.54768942e-02,\n        -2.00880385e-02, -1.66239778e-01, -3.95783989e-01,\n        -3.55348392e-01, -1.13334212e-01, -1.92453777e-01,\n        -5.87569335e-02,  1.08878495e-01, -7.84062665e-01],\n       [-5.10199570e-04,  8.53891073e-03,  5.82468084e-03,\n        -9.04619134e-03, -1.15749110e-02,  6.50816325e-02,\n         2.24700273e-02,  4.17637626e-02,  4.69561369e-02,\n         1.92753557e-02, -3.13206676e-01, -6.78926340e-01,\n        -3.07127815e-01,  3.33762947e-02,  9.36921104e-02,\n         1.54312696e-01,  1.70807471e-01,  5.23802688e-01],\n       [-5.11023968e-03,  1.41545974e-02,  2.01335011e-02,\n        -2.63875188e-03,  1.24039227e-02,  2.24189891e-01,\n         1.12517696e-01,  4.38162214e-02, -4.59123987e-02,\n         5.17618294e-02,  4.64731356e-01, -2.10585416e-01,\n        -3.34550791e-01, -1.81355236e-01,  1.27538466e-01,\n        -2.05195964e-01, -6.81150673e-01,  4.58893400e-02],\n       [ 1.22859037e-02,  8.14873664e-02, -6.76708181e-02,\n         1.06055917e-01,  2.06538120e-01,  6.77731540e-02,\n        -1.22052692e-01, -1.14857350e-02,  6.34050559e-02,\n         9.50920739e-01, -4.63836210e-02,  3.96794203e-02,\n        -1.33980308e-02,  1.44737753e-03, -2.14161253e-03,\n        -2.47986806e-02,  3.98986211e-02, -2.66885565e-02],\n       [ 6.71637485e-01,  4.25426660e-03,  3.63942290e-01,\n         4.00572485e-01, -1.36666337e-01, -6.01545197e-02,\n        -8.38355921e-02,  3.35688331e-01,  3.31885258e-01,\n        -2.31563760e-02,  3.27116291e-02,  1.93424634e-02,\n        -2.17860113e-02, -2.88868137e-02,  1.67540508e-03,\n        -2.08426082e-02,  6.45174358e-03, -6.72460120e-03],\n       [-4.31465008e-02, -9.40720773e-02,  9.04079657e-02,\n        -6.74177082e-01,  4.44976759e-02, -2.51725328e-01,\n         3.33328793e-02,  6.57948520e-01,  1.18734451e-01,\n         1.01780960e-01,  1.52306959e-02,  2.48110996e-02,\n        -8.00596220e-03, -1.48598984e-02,  1.16072381e-02,\n        -3.84709818e-02, -6.34245639e-03,  1.66833800e-03],\n       [-9.10332975e-04, -3.18150471e-03, -1.46409520e-03,\n         9.22408787e-03, -4.85907598e-03, -7.09774283e-02,\n        -5.52195371e-02, -2.38854331e-02,  6.56718424e-02,\n        -2.65545338e-02, -6.84394247e-01,  9.37615007e-02,\n         5.02268501e-02,  2.32468919e-01, -1.99251988e-01,\n        -2.96680186e-01, -5.68184620e-01,  4.35577986e-02],\n       [ 3.53401471e-03,  1.21280485e-03, -1.73689604e-05,\n         9.25846762e-03, -3.85604595e-04,  1.06014647e-02,\n         2.11141713e-02, -2.66132500e-02, -6.21725301e-02,\n        -3.15599274e-02, -2.96189839e-03,  9.53275708e-03,\n        -4.82567258e-02, -1.17750455e-01,  1.61802660e-01,\n        -8.97285173e-01,  3.65301463e-01,  1.12839644e-01],\n       [ 2.48484095e-04, -2.64059687e-04, -2.25694298e-03,\n         3.73296129e-03, -4.34192437e-03, -4.49407985e-02,\n        -3.30588977e-02, -1.89409132e-02,  2.13533563e-02,\n        -1.22944993e-02, -2.31735150e-01,  2.96892828e-02,\n         4.87746590e-02,  1.24671685e-02,  9.31493473e-01,\n         9.76213655e-02, -8.91669330e-02, -2.31529153e-01]])"
     },
     "execution_count": 589,
     "metadata": {},
     "output_type": "execute_result"
    }
   ],
   "source": [
    "eig_vecs"
   ],
   "metadata": {
    "collapsed": false,
    "ExecuteTime": {
     "end_time": "2024-03-04T18:53:36.259229Z",
     "start_time": "2024-03-04T18:53:36.254389Z"
    }
   },
   "id": "9ba3ae8de32c9e4d",
   "execution_count": 589
  },
  {
   "cell_type": "code",
   "outputs": [],
   "source": [
    "max_abs_idx = np.argmax(np.abs(eig_vecs), axis=0)\n",
    "signs = np.sign(eig_vecs[max_abs_idx, range(eig_vecs.shape[0])])\n",
    "eig_vecs = eig_vecs*signs[np.newaxis,:]\n",
    "eig_vecs = eig_vecs.T"
   ],
   "metadata": {
    "collapsed": false,
    "ExecuteTime": {
     "end_time": "2024-03-04T18:53:36.288799Z",
     "start_time": "2024-03-04T18:53:36.286566Z"
    }
   },
   "id": "9f5a7195d6480d71",
   "execution_count": 590
  },
  {
   "cell_type": "code",
   "outputs": [
    {
     "name": "stdout",
     "output_type": "stream",
     "text": [
      "[ 1. -1. -1. -1. -1.  1.  1.  1. -1.  1. -1. -1.  1. -1.  1. -1. -1. -1.]\n"
     ]
    }
   ],
   "source": [
    "print(signs)"
   ],
   "metadata": {
    "collapsed": false,
    "ExecuteTime": {
     "end_time": "2024-03-04T18:53:36.310609Z",
     "start_time": "2024-03-04T18:53:36.308703Z"
    }
   },
   "id": "bf308ad9cc021c1c",
   "execution_count": 591
  },
  {
   "cell_type": "code",
   "outputs": [
    {
     "data": {
      "text/plain": "array([1.89813934e+02, 5.21004129e+01, 1.47492439e+01, 8.45301666e+00,\n       6.28476539e+00, 4.30052824e+00, 3.09893242e+00, 2.08618179e+00,\n       9.67043402e-01, 4.40653672e-01, 1.67461267e-01, 1.33145544e-01,\n       1.02869108e-01, 7.10920238e-02, 4.91591473e-03, 1.61333980e-02,\n       2.37216762e-02, 3.07273334e-02])"
     },
     "execution_count": 592,
     "metadata": {},
     "output_type": "execute_result"
    }
   ],
   "source": [
    "np.abs(eig_vals)"
   ],
   "metadata": {
    "collapsed": false,
    "ExecuteTime": {
     "end_time": "2024-03-04T18:53:36.350378Z",
     "start_time": "2024-03-04T18:53:36.346776Z"
    }
   },
   "id": "b35e9745a988545f",
   "execution_count": 592
  },
  {
   "cell_type": "code",
   "outputs": [
    {
     "data": {
